2852
8013
6258
10002
9975
5733
3164
5915
10215
7391
6736
5989
5813
5741
4617
3394
2735
100506164
100289635
100132074
100131827
100130086
100125288
100101467
731220
730130
730087
730051
729288
728656
728361
402381
400713
390259
389692
388566
388558
388536
387332
387032
374900
374879
353274
353088
347853
347344
346157
345462
344167
342945
342926
339327
339324
333929
285989
285676
285268
284443
284406
284371
284370
284349
284323
282890
253461
252884
222696
221785
220929
203523
201516
199704
195828
170958
168374
163255
163131
163087
162967
162966
162962
162239
159119
158800
158431
158399
153222
152518
148213
147929
147923
147658
145873
140628
140612
137814
134187
132625
128209
127343
126231
125893
124961
124535
122953
121643
117608
116071
115560
114821
114026
94104
92285
92283
91975
91133
91074
90987
90485
90317
90075
89887
86614
85416
84891
84874
84844
84775
84765
84654
84547
84524
84504
84458
84436
84307
84124
83855
83744
83595
83482
83439
81931
81856
81628
80818
80714
80345
80108
80095
79977
79943
79788
79759
79692
79364
79027
65243
65056
64864
64375
64288
63951
63950
63948
63947
63946
60529
60436
60313
58524
58500
58491
58487
57798
57693
57677
57573
57547
57504
57474
57459
57336
57335
57232
57109
56995
56731
56033
55900
55892
55888
55818
55786
55769
55713
55553
55294
54993
54815
54581
51804
51450
51351
51295
51276
51274
51270
51085
51043
50945
30832
30813
30009
29966
29883
29855
29128
27300
27125
26574
26468
26149
26048
26013
25909
25850
25819
25806
23764
23660
23650
23619
23361
23269
23040
22980
22955
22921
22877
22835
22806
11281
11262
11178
11143
11023
10943
10902
10795
10780
10745
10736
10732
10716
10661
10660
10655
10616
10538
10472
10389
10379
10365
10363
10320
10308
10302
10172
10168
10127
9988
9935
9915
9849
9831
9819
9757
9753
9705
9668
9580
9569
9496
9406
9338
9337
9310
9232
9095
9044
8896
8848
8548
8543
8522
8463
8216
8187
8089
8061
8028
7975
7942
7849
7799
7789
7775
7772
7770
7769
7767
7760
7756
7755
7746
7745
7743
7741
7728
7718
7712
7711
7710
7709
7706
7705
7703
7699
7697
7694
7693
7692
7691
7675
7644
7643
7626
7625
7597
7596
7594
7592
7587
7586
7584
7582
7581
7579
7576
7574
7572
7571
7569
7567
7564
7561
7559
7555
7553
7549
7546
7545
7541
7539
7474
7421
7409
7392
7227
7181
7080
7071
7067
7030
7024
7008
7005
7004
7003
6941
6940
6939
6934
6932
6928
6908
6899
6878
6877
6875
6830
6827
6778
6777
6776
6775
6774
6773
6720
6656
6650
6621
6618
6493
6492
6473
6322
6299
6239
6097
6096
6095
5993
5991
5990
5926
5916
5814
5463
5462
5456
5455
5452
5451
5316
5252
5201
5090
5089
5077
5036
4862
4861
4831
4801
4800
4784
4661
4618
4613
4610
4323
4306
4299
4297
4097
4094
4093
4092
4091
4090
4010
3727
3664
3663
3651
3397
3344
3239
3236
3233
3232
3224
3222
3221
3218
3217
3216
3214
3213
3212
3209
3203
3201
3200
3199
3182
3174
3148
3146
3131
3110
3104
3090
3066
2969
2968
2967
2966
2928
2738
2736
2637
2553
2355
2354
2353
2290
2128
2122
1961
1960
1879
1875
1871
1870
1869
1831
1827
1761
1750
1746
1389
1388
1112
867
860
745
687
678
677
646
602
473
463
401
196
390874
343930
222546
168620
148327
84699
81566
80034
64651
55840
8538
6910
5083
4929
4807
3660
3234
2295
2294
2104
1820
861
466
326
148979
84108
80712
59348
57659
54927
27022
8545
6945
6304
3235
2063
604
170302
60468
7704
5078
23435
8880
5966
4990
4790
4780
4772
3215
1523
1044
388585
339344
200014
161882
155061
146198
116113
93986
85508
84619
80317
64412
56252
54862
51222
26137
23186
11107
11016
9745
7764
7707
6936
6926
6909
6721
6615
6591
5978
4825
4799
3642
3428
3297
3280
3087
2672
2019
1748
1602
639
579
571
430
100271849
343472
283078
266743
256297
219409
169792
140690
135935
90993
84662
80709
79800
79755
64919
64764
63974
57623
56917
56751
55897
55810
54345
51193
51176
30062
29841
28999
26257
25833
23036
10725
10620
10153
9586
9480
8939
8929
8576
8521
7832
7593
7589
7547
7490
7294
7161
7157
7101
7022
7019
6943
6938
6927
6662
6657
6495
5992
5970
5459
5458
5457
5359
5326
5309
5241
5087
5079
5015
5013
4904
4901
4899
4775
4774
4773
4656
4609
4605
4603
4602
4286
4223
4222
4211
4087
4086
3662
3659
3607
3516
3229
3227
3206
3204
3202
3190
3175
3172
2737
2649
2624
2623
2494
2303
2299
2297
2101
2099
2034
1959
1958
1874
1749
1747
1628
1406
1054
1053
1052
1051
1050
1046
688
474
367
6772
5081
4824
56938
23109
11317
5076
4487
3665
653427
653404
442425
440695
399823
349334
342933
342357
339488
286380
283150
221937
200350
146050
139628
121599
121274
118738
94234
85460
84838
83741
79177
79149
65982
58495
57822
55663
55311
54989
54925
51513
30812
27319
27086
27023
26298
25803
22887
11166
11063
8462
8456
8403
7762
7753
7727
7690
7566
7494
7291
6886
6689
6688
6670
6668
6667
6665
6660
5460
5325
5324
5178
5080
5017
4782
4303
4209
4208
4150
3171
3170
3169
2627
2313
2309
2307
2306
2305
2304
2302
2301
2300
2298
2296
2120
2119
2118
2117
2116
2115
2114
2113
2078
2002
2001
2000
1998
1997
864
668
657
468
2908
4853
88
170261
135112
112770
85441
84660
83637
80324
79084
55827
55749
29893
23028
10463
6760
5585
5579
5468
3159
2247
200186
150094
64784
23463
23373
10488
1390
652991
390598
387893
286205
284252
283248
221895
167465
150572
144455
126374
121536
90665
84962
79923
79733
79718
79039
57761
57594
57326
56978
56956
55929
55806
55509
54880
54738
54361
53335
51684
51616
51567
51564
51460
51132
51053
51042
50943
30818
29995
29842
27033
26155
23741
23543
23528
23429
23411
23051
22882
22809
11278
11244
10848
10782
10771
10765
10664
10608
10589
10514
10438
10419
10409
10346
10284
10140
10014
9994
9759
9734
9612
9611
9572
9541
9425
9318
9242
9139
8994
8861
8841
8819
8804
8535
8531
8431
8092
7695
7639
7536
7529
7342
7290
7251
7091
7089
7068
7050
7026
6907
6756
6498
6497
6478
6427
5971
5629
5356
5204
5195
5074
4796
4783
4761
4665
4601
4294
4204
4152
4017
3975
3400
3399
3299
3281
3223
2909
2874
2077
2023
2004
1876
1822
1810
1789
1649
1616
1488
1428
1045
863
862
708
595
467
190
166
165
345643
342538
284312
283149
245806
171023
163732
150709
137735
133746
133396
117143
114803
92140
89780
84441
84193
84159
81550
79595
64900
64344
64321
64210
63976
57826
57591
57496
57492
56970
56943
56254
55904
55534
51442
51412
51282
51147
50674
29915
29777
29117
27097
27005
26292
26205
25988
25937
24148
23568
23426
23326
23286
23175
23054
22954
22938
22926
22797
11319
11315
11243
11036
11035
11030
10987
10923
10847
10691
10629
10600
10553
10524
10521
10499
10498
10474
10413
10155
10138
10084
10062
10011
9970
9913
9794
9792
9663
9604
9603
9519
9500
9464
9457
9442
9439
9421
9412
9325
9321
9149
9124
9112
9063
9049
8915
8856
8805
8721
8609
8554
8464
8433
8289
8204
8202
8031
7994
7543
7528
7337
7332
7182
7041
7027
7025
7023
6942
6935
6929
6883
6882
6881
6880
6879
6874
6872
6672
6671
6605
6604
6603
6602
6601
6599
6598
6496
6257
6256
6047
5994
5927
5925
5914
5901
5715
5702
5467
5396
5371
5253
5092
4869
4863
4821
4802
4793
4791
4778
4776
4666
4654
4520
4435
4335
4261
4117
3728
3726
3298
3275
3054
2962
2958
2957
2648
2625
2551
2516
2274
2103
2100
2033
1999
1877
1840
1655
1630
1499
1022
915
898
865
676
672
405
329
328
86
100130302
170067
64332
64324
64216
57763
57658
55578
55502
27044
23132
10025
9404
9319
9111
9079
8850
8625
8544
8295
7110
7029
6884
6871
5784
5705
5450
4582
4488
4212
4149
4084
3661
3084
2005
1811
1653
694
84864
79365
57491
23013
8553
8320
6911
6862
83881
9971
9575
6663
5465
5307
4851
4779
4005
3725
1385
406
9014
3976
7376
221336
167826
140290
57649
25942
23613
23309
10915
10443
9096
8725
8409
7088
6913
6658
5932
4781
3068
3065
1991
1487
79960
57057
51741
28996
27063
23558
23414
11168
10370
8648
7021
7020
6666
6664
6659
6597
6595
5454
5453
5449
5308
4760
4205
3670
1387
400569
219541
133522
116931
112950
90390
84246
55809
55090
54797
51586
51003
29079
23389
23082
10891
10432
10001
9969
9968
9967
9862
9477
9443
9441
9440
9282
8928
7158
6996
6837
5469
4848
1482
6925
284358
138151
93649
9355
8022
6722
2626
1386
9314
9219
8864
8626
8091
5187
4762
3091
2308
1408
1407
429
26508
23493
23462
4089
4088
1611
10926
3092
80135
6749
3398
1017
3198
3211
3219
3142
4004
1025
8820
1642
3207
3225
3226
3228
3237
3238
10481
2636
145258
64211
4009
159296
257
988
2145
2146
7544
51710
7678
7629
63876
83990
9516
50514
2248
57634
3621
675
1786
8328
219736
56977
9208
6901
79190
153572
983
6822
89884
10213
23261
637
7507
6117
6118
6119
5937
9275
6474
3205
6502
6469
373863
344018
5883
4856
57621
6873
9925
26959
4849
8932
5689
7913
57215
10733
7518
5885
23512
3231
91464
84839
220202
23119
64376
11279
6018
6297
642658
389058
7270
57473
401509
65986
29068
55734
7701
11179
79797
84330
147687
79088
90594
126070
10224
58499
84527
163081
51157
51545
84914
9640
9726
93474
168417
57592
286075
92595
79724
126208
55565
7554
55536
22850
23394
503582
503834
503835
79618
3167
85474
431707
157848
344022
23440
90316
90655
10194
128553
57616
340260
85446
79776
138715
196528
56676
121549
84913
56987
54897
84181
55636
23152
30827
10522
222894
389549
391723
390992
57801
284459
84684
136259
56980
59335
59336
63978
63977
27164
3431
80320
121340
84969
140883
55609
25799
388569
440077
27107
221527
57684
403341
84614
9880
9923
360023
22890
79842
221504
286128
346171
80829
139735
284307
163227
51427
163071
7700
90338
169841
7730
7733
339318
7738
7748
10520
7988
7761
7638
7673
7768
7773
353355
7776
57209
56242
9534
113835
9422
10781
10793
8427
342909
57343
57567
79673
55422
63925
84905
79175
84671
140467
149076
84911
342908
55628
147686
79744
155054
80264
170959
163059
126068
79973
10794
90333
84627
90827
220992
126069
57615
162968
91392
440515
22847
22869
118472
84450
130557
9658
340385
162655
25925
147807
116115
57711
348327
55205
125919
284306
147694
256051
162972
90233
79818
115196
148254
80032
79230
148156
147741
93134
54811
147837
84924
148266
148268
137209
64763
284346
147660
163033
147948
147949
201514
54807
84622
169270
146434
148103
162963
79898
80110
114991
253639
90589
199777
199692
84146
127665
65251
22834
115950
55279
285349
389114
144348
63934
79862
79891
79894
171392
163223
340252
91120
257101
127396
146542
115509
90874
90592
55762
163051
374655
7552
349075
148206
7627
388561
284390
91661
90321
51333
400720
374928
342132
285971
284309
27153
197320
163115
147808
146540
136051
163049
126375
390927
90576
168850
55552
152485
374899
116412
284391
91664
344787
7565
7570
219749
7580
80778
7551
126295
7620
7621
7633
7634
7652
26009
100131980
654254
404281
729648
730291
728957
7562
162993
641339
255403
390980
339500
100129543
126017
388507
647219
152687
285267
84503
163050
170960
90649
645832
10838
7766
55145
23481
55870
2395
10232
